1
2
3
4
5
6
7
8
9
10
11
12
13
14
15
16
17
18
19
21
22
23
24
25
26
28
29
30
31
32
33
34
36
38
41
42
43
45
47
48
50
51
53
54
55
56
57
58
59
61
62
64
65
67
68
69
70
71
76
78
79
80
81
84
86
87
89
92
94
95
98
101
102
103
104
105
107
108
110
111
113
114
115
116
119
120
121
123
124
125
127
128
129
130
134
135
137
138
140
141
142
144
145
147
149
151
153
155
156
161
165
167
168
171
172
176
177
178
179
181
183
184
185
188
189
193
196
197
201
204
205
207
208
209
210
211
212
213
214
216
218
219
221
222
223
225
226
228
232
233
235
236
238
239
242
243
244
245
246
248
250
251
253
254
256
257
258
259
260
261
262
264
